[1] "householdid"
NA: [1] 0
990 : [1] 1
991 : [1] 1
992 : [1] 1
993 : [1] 1
994 : [1] 1
995 : [1] 1
996 : [1] 1
997 : [1] 1
998 : [1] 1
999 : [1] 1
70773 : [1] 0
[1] "==================================================="
[1] "new_household"
NA: [1] 0
990 : [1] 0
991 : [1] 0
992 : [1] 0
993 : [1] 0
994 : [1] 0
995 : [1] 0
996 : [1] 0
997 : [1] 0
998 : [1] 0
999 : [1] 0
70773 : [1] 0
[1] "==================================================="
[1] "kkcode"
NA: [1] 0
990 : [1] 0
991 : [1] 0
992 : [1] 0
993 : [1] 0
994 : [1] 0
995 : [1] 1
996 : [1] 0
997 : [1] 1
998 : [1] 1
999 : [1] 0
70773 : [1] 0
[1] "==================================================="
[1] "respondent"
NA: [1] 0
990 : [1] 0
991 : [1] 0
992 : [1] 0
993 : [1] 0
994 : [1] 0
995 : [1] 2
996 : [1] 0
997 : [1] 0
998 : [1] 0
999 : [1] 0
70773 : [1] 0
[1] "==================================================="
[1] "secondaryrespondent"
NA: [1] 8
990 : [1] 0
991 : [1] 0
992 : [1] 0
993 : [1] 0
994 : [1] 286
995 : [1] 1240
996 : [1] 0
997 : [1] 1
998 : [1] 8600
999 : [1] 2
70773 : [1] 0
[1] "==================================================="
[1] "interviewend"
NA: [1] 4885
990 : [1] 0
991 : [1] 0
992 : [1] 0
993 : [1] 0
994 : [1] 0
995 : [1] 0
996 : [1] 0
997 : [1] 0
998 : [1] 0
999 : [1] 0
70773 : [1] 0
[1] "==================================================="
[1] "interviewstart"
NA: [1] 4894
990 : [1] 0
991 : [1] 0
992 : [1] 0
993 : [1] 0
994 : [1] 0
995 : [1] 0
996 : [1] 0
997 : [1] 0
998 : [1] 0
999 : [1] 0
70773 : [1] 0
[1] "==================================================="
[1] "interviewlength"
NA: [1] 6817
990 : [1] 0
991 : [1] 0
992 : [1] 0
993 : [1] 0
994 : [1] 0
995 : [1] 2326
996 : [1] 0
997 : [1] 0
998 : [1] 0
999 : [1] 0
70773 : [1] 0
[1] "==================================================="
[1] "usualfish"
NA: [1] 1
990 : [1] 0
991 : [1] 0
992 : [1] 0
993 : [1] 3212
994 : [1] 7563
995 : [1] 236
996 : [1] 0
997 : [1] 101
998 : [1] 335
999 : [1] 1
70773 : [1] 0
[1] "==================================================="
[1] "primarymarketname"
NA: [1] 2327
990 : [1] 0
991 : [1] 0
992 : [1] 0
993 : [1] 11110
994 : [1] 0
995 : [1] 0
996 : [1] 0
997 : [1] 0
998 : [1] 0
999 : [1] 0
70773 : [1] 0
[1] "==================================================="
[1] "secondarymarketname"
NA: [1] 2327
990 : [1] 0
991 : [1] 0
992 : [1] 0
993 : [1] 11110
994 : [1] 0
995 : [1] 0
996 : [1] 0
997 : [1] 0
998 : [1] 158
999 : [1] 0
70773 : [1] 0
[1] "==================================================="
[1] "paternalethnicity"
NA: [1] 0
990 : [1] 0
991 : [1] 0
992 : [1] 0
993 : [1] 0
994 : [1] 0
995 : [1] 12
996 : [1] 0
997 : [1] 8
998 : [1] 3
999 : [1] 2
70773 : [1] 0
[1] "==================================================="
[1] "paternalethnicity_clean"
NA: [1] 0
990 : [1] 0
991 : [1] 0
992 : [1] 0
993 : [1] 0
994 : [1] 0
995 : [1] 12
996 : [1] 0
997 : [1] 8
998 : [1] 3
999 : [1] 2
70773 : [1] 0
[1] "==================================================="
[1] "maternalethnicity"
NA: [1] 0
990 : [1] 0
991 : [1] 0
992 : [1] 0
993 : [1] 0
994 : [1] 1
995 : [1] 24
996 : [1] 0
997 : [1] 17
998 : [1] 0
999 : [1] 2
70773 : [1] 0
[1] "==================================================="
[1] "maternalethnicity_clean"
NA: [1] 0
990 : [1] 0
991 : [1] 0
992 : [1] 0
993 : [1] 0
994 : [1] 1
995 : [1] 24
996 : [1] 0
997 : [1] 17
998 : [1] 0
999 : [1] 2
70773 : [1] 0
[1] "==================================================="
[1] "poorcatchunits"
NA: [1] 0
990 : [1] 0
991 : [1] 0
992 : [1] 0
993 : [1] 355
994 : [1] 4340
995 : [1] 594
996 : [1] 19
997 : [1] 19
998 : [1] 4693
999 : [1] 6
70773 : [1] 0
[1] "==================================================="
[1] "poorfishunits"
NA: [1] 0
990 : [1] 0
991 : [1] 0
992 : [1] 0
993 : [1] 354
994 : [1] 565
995 : [1] 840
996 : [1] 0
997 : [1] 0
998 : [1] 184
999 : [1] 0
70773 : [1] 0
[1] "==================================================="
[1] "goodcatchunits"
NA: [1] 0
990 : [1] 0
991 : [1] 0
992 : [1] 0
993 : [1] 356
994 : [1] 4794
995 : [1] 495
996 : [1] 30
997 : [1] 26
998 : [1] 1476
999 : [1] 4
70773 : [1] 0
[1] "==================================================="
[1] "goodfishunits"
NA: [1] 0
990 : [1] 0
991 : [1] 0
992 : [1] 0
993 : [1] 354
994 : [1] 570
995 : [1] 748
996 : [1] 0
997 : [1] 0
998 : [1] 113
999 : [1] 0
70773 : [1] 0
[1] "==================================================="
[1] "economicstatusreason"
NA: [1] 0
990 : [1] 0
991 : [1] 0
992 : [1] 0
993 : [1] 0
994 : [1] 1
995 : [1] 24
996 : [1] 0
997 : [1] 159
998 : [1] 92
999 : [1] 158
70773 : [1] 0
[1] "==================================================="
[1] "economicstatusreasonenglish"
NA: [1] 2698
990 : [1] 0
991 : [1] 0
992 : [1] 0
993 : [1] 0
994 : [1] 0
995 : [1] 9223
996 : [1] 0
997 : [1] 32
998 : [1] 6
999 : [1] 10
70773 : [1] 0
[1] "==================================================="
[1] "anyotherinfo"
NA: [1] 0
990 : [1] 0
991 : [1] 0
992 : [1] 0
993 : [1] 0
994 : [1] 1
995 : [1] 68
996 : [1] 0
997 : [1] 331
998 : [1] 199
999 : [1] 95
70773 : [1] 0
[1] "==================================================="
[1] "willingparticipant"
NA: [1] 0
990 : [1] 0
991 : [1] 0
992 : [1] 0
993 : [1] 0
994 : [1] 2
995 : [1] 64
996 : [1] 0
997 : [1] 14
998 : [1] 4
999 : [1] 10
70773 : [1] 0
[1] "==================================================="
[1] "mpa"
NA: [1] 0
990 : [1] 0
991 : [1] 0
992 : [1] 0
993 : [1] 0
994 : [1] 0
995 : [1] 0
996 : [1] 0
997 : [1] 0
998 : [1] 0
999 : [1] 0
70773 : [1] 0
[1] "==================================================="
[1] "settlement"
NA: [1] 0
990 : [1] 0
991 : [1] 0
992 : [1] 0
993 : [1] 0
994 : [1] 0
995 : [1] 0
996 : [1] 0
997 : [1] 0
998 : [1] 0
999 : [1] 0
70773 : [1] 0
[1] "==================================================="
[1] "primaryinterviewer"
NA: [1] 0
990 : [1] 0
991 : [1] 0
992 : [1] 0
993 : [1] 0
994 : [1] 0
995 : [1] 14
996 : [1] 0
997 : [1] 0
998 : [1] 1
999 : [1] 0
70773 : [1] 0
[1] "==================================================="
[1] "secondaryinterviewer"
NA: [1] 0
990 : [1] 0
991 : [1] 0
992 : [1] 0
993 : [1] 0
994 : [1] 0
995 : [1] 12
996 : [1] 0
997 : [1] 0
998 : [1] 0
999 : [1] 0
70773 : [1] 0
[1] "==================================================="
[1] "fieldcoordinator"
NA: [1] 9
990 : [1] 0
991 : [1] 0
992 : [1] 0
993 : [1] 0
994 : [1] 0
995 : [1] 7
996 : [1] 0
997 : [1] 0
998 : [1] 0
999 : [1] 0
70773 : [1] 0
[1] "==================================================="
[1] "latsphere"
NA: [1] 326
990 : [1] 0
991 : [1] 0
992 : [1] 0
993 : [1] 0
994 : [1] 0
995 : [1] 0
996 : [1] 0
997 : [1] 0
998 : [1] 0
999 : [1] 0
70773 : [1] 0
[1] "==================================================="
[1] "lonsphere"
NA: [1] 328
990 : [1] 0
991 : [1] 0
992 : [1] 0
993 : [1] 0
994 : [1] 0
995 : [1] 0
996 : [1] 0
997 : [1] 0
998 : [1] 0
999 : [1] 0
70773 : [1] 0
[1] "==================================================="
[1] "surveyversionnumber"
NA: [1] 3927
990 : [1] 0
991 : [1] 0
992 : [1] 0
993 : [1] 0
994 : [1] 0
995 : [1] 329
996 : [1] 0
997 : [1] 0
998 : [1] 0
999 : [1] 0
70773 : [1] 0
[1] "==================================================="
[1] "surveyversion_new"
NA: [1] 0
990 : [1] 0
991 : [1] 0
992 : [1] 0
993 : [1] 0
994 : [1] 0
995 : [1] 0
996 : [1] 0
997 : [1] 0
998 : [1] 0
999 : [1] 0
70773 : [1] 0
[1] "==================================================="
[1] "paternalethnicity_coded"
NA: [1] 577
990 : [1] 0
991 : [1] 0
992 : [1] 0
993 : [1] 0
994 : [1] 0
995 : [1] 0
996 : [1] 0
997 : [1] 0
998 : [1] 0
999 : [1] 0
70773 : [1] 0
[1] "==================================================="
[1] "maternalethnicity_coded"
NA: [1] 693
990 : [1] 0
991 : [1] 0
992 : [1] 0
993 : [1] 0
994 : [1] 0
995 : [1] 0
996 : [1] 0
997 : [1] 0
998 : [1] 0
999 : [1] 0
70773 : [1] 0
[1] "==================================================="
[1] "religion"
NA: [1] 0
990 : [1] 0
991 : [1] 0
992 : [1] 0
993 : [1] 0
994 : [1] 0
995 : [1] 18
996 : [1] 3
997 : [1] 0
998 : [1] 1
999 : [1] 1
70773 : [1] 0
[1] "==================================================="
[1] "primarylivelihood"
NA: [1] 0
990 : [1] 0
991 : [1] 0
992 : [1] 0
993 : [1] 0
994 : [1] 0
995 : [1] 3
996 : [1] 1296
997 : [1] 5
998 : [1] 63
999 : [1] 2
70773 : [1] 0
[1] "==================================================="
[1] "secondarylivelihood"
NA: [1] 0
990 : [1] 0
991 : [1] 0
992 : [1] 0
993 : [1] 0
994 : [1] 3
995 : [1] 14
996 : [1] 1152
997 : [1] 17
998 : [1] 3359
999 : [1] 2
70773 : [1] 0
[1] "==================================================="
[1] "tertiarylivelihood"
NA: [1] 0
990 : [1] 0
991 : [1] 0
992 : [1] 0
993 : [1] 0
994 : [1] 6
995 : [1] 88
996 : [1] 565
997 : [1] 89
998 : [1] 9557
999 : [1] 17
70773 : [1] 0
[1] "==================================================="
[1] "majorfishtechnique"
NA: [1] 0
990 : [1] 0
991 : [1] 0
992 : [1] 0
993 : [1] 0
994 : [1] 4797
995 : [1] 22
996 : [1] 127
997 : [1] 13
998 : [1] 525
999 : [1] 6
70773 : [1] 0
[1] "==================================================="
[1] "primaryfishtechnique"
NA: [1] 2327
990 : [1] 0
991 : [1] 0
992 : [1] 0
993 : [1] 11110
994 : [1] 215
995 : [1] 0
996 : [1] 3
997 : [1] 0
998 : [1] 18
999 : [1] 0
70773 : [1] 0
[1] "==================================================="
[1] "secondaryfishtechnique"
NA: [1] 2327
990 : [1] 0
991 : [1] 0
992 : [1] 0
993 : [1] 11110
994 : [1] 215
995 : [1] 0
996 : [1] 5
997 : [1] 0
998 : [1] 103
999 : [1] 0
70773 : [1] 0
[1] "==================================================="
[1] "tertiaryfishtechnique"
NA: [1] 2327
990 : [1] 0
991 : [1] 0
992 : [1] 0
993 : [1] 11110
994 : [1] 215
995 : [1] 0
996 : [1] 11
997 : [1] 0
998 : [1] 140
999 : [1] 0
70773 : [1] 0
[1] "==================================================="
[1] "cookingfuel"
NA: [1] 0
990 : [1] 0
991 : [1] 0
992 : [1] 0
993 : [1] 0
994 : [1] 0
995 : [1] 8
996 : [1] 0
997 : [1] 0
998 : [1] 5
999 : [1] 2
70773 : [1] 1
[1] "==================================================="
[1] "householddeath"
NA: [1] 0
990 : [1] 0
991 : [1] 0
992 : [1] 0
993 : [1] 0
994 : [1] 5
995 : [1] 14
996 : [1] 0
997 : [1] 0
998 : [1] 2
999 : [1] 2
70773 : [1] 0
[1] "==================================================="
[1] "householdbirth"
NA: [1] 0
990 : [1] 0
991 : [1] 0
992 : [1] 0
993 : [1] 0
994 : [1] 11
995 : [1] 9
996 : [1] 0
997 : [1] 1
998 : [1] 4
999 : [1] 4
70773 : [1] 0
[1] "==================================================="
[1] "fsadultskip"
NA: [1] 0
990 : [1] 0
991 : [1] 0
992 : [1] 0
993 : [1] 0
994 : [1] 4
995 : [1] 16
996 : [1] 0
997 : [1] 11
998 : [1] 18
999 : [1] 13
70773 : [1] 0
[1] "==================================================="
[1] "fseatless"
NA: [1] 1
990 : [1] 0
991 : [1] 0
992 : [1] 0
993 : [1] 0
994 : [1] 30
995 : [1] 20
996 : [1] 0
997 : [1] 10
998 : [1] 52
999 : [1] 13
70773 : [1] 0
[1] "==================================================="
[1] "fshungry"
NA: [1] 0
990 : [1] 0
991 : [1] 0
992 : [1] 0
993 : [1] 0
994 : [1] 1
995 : [1] 15
996 : [1] 0
997 : [1] 9
998 : [1] 25
999 : [1] 11
70773 : [1] 0
[1] "==================================================="
[1] "fschildportion"
NA: [1] 0
990 : [1] 0
991 : [1] 0
992 : [1] 0
993 : [1] 0
994 : [1] 113
995 : [1] 19
996 : [1] 0
997 : [1] 15
998 : [1] 1188
999 : [1] 11
70773 : [1] 0
[1] "==================================================="
[1] "fschildskip"
NA: [1] 0
990 : [1] 0
991 : [1] 0
992 : [1] 0
993 : [1] 819
994 : [1] 131
995 : [1] 16
996 : [1] 0
997 : [1] 13
998 : [1] 1146
999 : [1] 8
70773 : [1] 0
[1] "==================================================="
[1] "rightsaccess"
NA: [1] 0
990 : [1] 0
991 : [1] 0
992 : [1] 0
993 : [1] 0
994 : [1] 1
995 : [1] 36
996 : [1] 0
997 : [1] 76
998 : [1] 322
999 : [1] 7
70773 : [1] 0
[1] "==================================================="
[1] "rightsharvest"
NA: [1] 0
990 : [1] 0
991 : [1] 0
992 : [1] 0
993 : [1] 0
994 : [1] 1
995 : [1] 34
996 : [1] 0
997 : [1] 57
998 : [1] 400
999 : [1] 6
70773 : [1] 0
[1] "==================================================="
[1] "rightsmanage"
NA: [1] 0
990 : [1] 0
991 : [1] 0
992 : [1] 0
993 : [1] 0
994 : [1] 3
995 : [1] 30
996 : [1] 0
997 : [1] 62
998 : [1] 397
999 : [1] 7
70773 : [1] 0
[1] "==================================================="
[1] "rightsexclude"
NA: [1] 0
990 : [1] 0
991 : [1] 0
992 : [1] 0
993 : [1] 0
994 : [1] 1
995 : [1] 10
996 : [1] 0
997 : [1] 55
998 : [1] 403
999 : [1] 11
70773 : [1] 0
[1] "==================================================="
[1] "rightstransfer"
NA: [1] 0
990 : [1] 0
991 : [1] 0
992 : [1] 0
993 : [1] 0
994 : [1] 3
995 : [1] 14
996 : [1] 0
997 : [1] 60
998 : [1] 445
999 : [1] 8
70773 : [1] 0
[1] "==================================================="
[1] "marinegroup"
NA: [1] 0
990 : [1] 0
991 : [1] 0
992 : [1] 0
993 : [1] 0
994 : [1] 0
995 : [1] 8
996 : [1] 0
997 : [1] 0
998 : [1] 9
999 : [1] 4
70773 : [1] 0
[1] "==================================================="
[1] "othergroup"
NA: [1] 1
990 : [1] 0
991 : [1] 0
992 : [1] 0
993 : [1] 0
994 : [1] 0
995 : [1] 15
996 : [1] 0
997 : [1] 2
998 : [1] 6
999 : [1] 6
70773 : [1] 0
[1] "==================================================="
[1] "votedistrict"
NA: [1] 0
990 : [1] 0
991 : [1] 0
992 : [1] 0
993 : [1] 0
994 : [1] 0
995 : [1] 36
996 : [1] 0
997 : [1] 5
998 : [1] 7
999 : [1] 6
70773 : [1] 0
[1] "==================================================="
[1] "votenational"
NA: [1] 0
990 : [1] 0
991 : [1] 0
992 : [1] 0
993 : [1] 0
994 : [1] 0
995 : [1] 14
996 : [1] 0
997 : [1] 5
998 : [1] 6
999 : [1] 5
70773 : [1] 0
[1] "==================================================="
[1] "yearID"
NA: [1] 0
990 : [1] 0
991 : [1] 0
992 : [1] 0
993 : [1] 0
994 : [1] 0
995 : [1] 0
996 : [1] 0
997 : [1] 0
998 : [1] 0
999 : [1] 0
70773 : [1] 0
[1] "==================================================="
[1] "freqfishtime"
NA: [1] 0
990 : [1] 0
991 : [1] 0
992 : [1] 0
993 : [1] 819
994 : [1] 4566
995 : [1] 12
996 : [1] 2
997 : [1] 33
998 : [1] 192
999 : [1] 3
70773 : [1] 0
[1] "==================================================="
[1] "freqsalefish"
NA: [1] 0
990 : [1] 0
991 : [1] 0
992 : [1] 0
993 : [1] 0
994 : [1] 4663
995 : [1] 21
996 : [1] 4
997 : [1] 43
998 : [1] 629
999 : [1] 5
70773 : [1] 0
[1] "==================================================="
[1] "percentincomefish"
NA: [1] 0
990 : [1] 0
991 : [1] 0
992 : [1] 0
993 : [1] 0
994 : [1] 4552
995 : [1] 438
996 : [1] 0
997 : [1] 41
998 : [1] 350
999 : [1] 4
70773 : [1] 0
[1] "==================================================="
[1] "freqeatfish"
NA: [1] 0
990 : [1] 0
991 : [1] 0
992 : [1] 0
993 : [1] 0
994 : [1] 2645
995 : [1] 71
996 : [1] 0
997 : [1] 2
998 : [1] 76
999 : [1] 4
70773 : [1] 0
[1] "==================================================="
[1] "percentproteinfish"
NA: [1] 1
990 : [1] 0
991 : [1] 0
992 : [1] 0
993 : [1] 0
994 : [1] 2644
995 : [1] 70
996 : [1] 0
997 : [1] 6
998 : [1] 88
999 : [1] 2
70773 : [1] 0
[1] "==================================================="
[1] "economicstatustrend"
NA: [1] 0
990 : [1] 0
991 : [1] 0
992 : [1] 0
993 : [1] 0
994 : [1] 0
995 : [1] 5
996 : [1] 0
997 : [1] 24
998 : [1] 13
999 : [1] 26
70773 : [1] 0
[1] "==================================================="
[1] "fsnotenough"
NA: [1] 0
990 : [1] 0
991 : [1] 0
992 : [1] 0
993 : [1] 0
994 : [1] 0
995 : [1] 26
996 : [1] 0
997 : [1] 8
998 : [1] 15
999 : [1] 14
70773 : [1] 0
[1] "==================================================="
[1] "fsdidnotlast"
NA: [1] 0
990 : [1] 0
991 : [1] 0
992 : [1] 0
993 : [1] 0
994 : [1] 2
995 : [1] 18
996 : [1] 0
997 : [1] 10
998 : [1] 54
999 : [1] 11
70773 : [1] 0
[1] "==================================================="
[1] "fsbalanceddiet"
NA: [1] 0
990 : [1] 0
991 : [1] 0
992 : [1] 0
993 : [1] 0
994 : [1] 0
995 : [1] 13
996 : [1] 0
997 : [1] 8
998 : [1] 165
999 : [1] 16
70773 : [1] 0
[1] "==================================================="
[1] "fsfreqadultskip"
NA: [1] 0
990 : [1] 0
991 : [1] 0
992 : [1] 0
993 : [1] 0
994 : [1] 8837
995 : [1] 17
996 : [1] 0
997 : [1] 10
998 : [1] 1573
999 : [1] 14
70773 : [1] 0
[1] "==================================================="
[1] "fslowcostfood"
NA: [1] 0
990 : [1] 0
991 : [1] 0
992 : [1] 0
993 : [1] 819
994 : [1] 128
995 : [1] 82
996 : [1] 0
997 : [1] 9
998 : [1] 1213
999 : [1] 7
70773 : [1] 0
[1] "==================================================="
[1] "fsfreqchildskip"
NA: [1] 0
990 : [1] 0
991 : [1] 0
992 : [1] 0
993 : [1] 819
994 : [1] 10175
995 : [1] 31
996 : [1] 0
997 : [1] 7
998 : [1] 2031
999 : [1] 14
70773 : [1] 0
[1] "==================================================="
[1] "fsnomealchild"
NA: [1] 0
990 : [1] 0
991 : [1] 0
992 : [1] 0
993 : [1] 819
994 : [1] 155
995 : [1] 136
996 : [1] 0
997 : [1] 20
998 : [1] 1243
999 : [1] 8
70773 : [1] 1
[1] "==================================================="
[1] "socialconflict"
NA: [1] 0
990 : [1] 0
991 : [1] 0
992 : [1] 0
993 : [1] 0
994 : [1] 0
995 : [1] 25
996 : [1] 0
997 : [1] 1614
998 : [1] 1387
999 : [1] 17
70773 : [1] 0
[1] "==================================================="
[1] "placehappy"
NA: [1] 1
990 : [1] 0
991 : [1] 0
992 : [1] 0
993 : [1] 0
994 : [1] 0
995 : [1] 28
996 : [1] 0
997 : [1] 113
998 : [1] 319
999 : [1] 16
70773 : [1] 0
[1] "==================================================="
[1] "placefavourite"
NA: [1] 0
990 : [1] 0
991 : [1] 0
992 : [1] 0
993 : [1] 0
994 : [1] 0
995 : [1] 26
996 : [1] 0
997 : [1] 123
998 : [1] 329
999 : [1] 20
70773 : [1] 0
[1] "==================================================="
[1] "placemiss"
NA: [1] 0
990 : [1] 0
991 : [1] 0
992 : [1] 0
993 : [1] 0
994 : [1] 0
995 : [1] 25
996 : [1] 0
997 : [1] 118
998 : [1] 326
999 : [1] 11
70773 : [1] 0
[1] "==================================================="
[1] "placebest"
NA: [1] 0
990 : [1] 0
991 : [1] 0
992 : [1] 0
993 : [1] 0
994 : [1] 0
995 : [1] 23
996 : [1] 0
997 : [1] 129
998 : [1] 338
999 : [1] 16
70773 : [1] 0
[1] "==================================================="
[1] "placefishhere"
NA: [1] 0
990 : [1] 0
991 : [1] 0
992 : [1] 0
993 : [1] 0
994 : [1] 2
995 : [1] 90
996 : [1] 1
997 : [1] 187
998 : [1] 2128
999 : [1] 26
70773 : [1] 0
[1] "==================================================="
[1] "placebemyself"
NA: [1] 0
990 : [1] 0
991 : [1] 0
992 : [1] 0
993 : [1] 0
994 : [1] 0
995 : [1] 30
996 : [1] 0
997 : [1] 133
998 : [1] 330
999 : [1] 15
70773 : [1] 0
[1] "==================================================="
[1] "ed.level"
NA: [1] 34
990 : [1] 14
991 : [1] 0
992 : [1] 0
993 : [1] 0
994 : [1] 0
995 : [1] 53
996 : [1] 0
997 : [1] 0
998 : [1] 0
999 : [1] 0
70773 : [1] 0
[1] "==================================================="
[1] "latdeg"
overall mean: [1] 3.348219
overall median: [1] 3
overall max: [1] 87
overall min: [1] 0
NA: [1] 188
990 : [1] 0
991 : [1] 0
992 : [1] 0
993 : [1] 0
994 : [1] 0
995 : [1] 0
996 : [1] 0
997 : [1] 0
998 : [1] 0
999 : [1] 0
70773: [1] 5
[1] "==================================================="
[1] "latmin"
overall mean: [1] 27.85753
overall median: [1] 27
overall max: [1] 59
overall min: [1] 0
NA: [1] 121
990 : [1] 0
991 : [1] 0
992 : [1] 0
993 : [1] 0
994 : [1] 0
995 : [1] 0
996 : [1] 0
997 : [1] 0
998 : [1] 0
999 : [1] 0
70773: [1] 0
[1] "==================================================="
[1] "latsec"
overall mean: [1] 29.05303
overall median: [1] 28
overall max: [1] 60
overall min: [1] 0
NA: [1] 597
990 : [1] 0
991 : [1] 0
992 : [1] 0
993 : [1] 0
994 : [1] 0
995 : [1] 5
996 : [1] 0
997 : [1] 0
998 : [1] 0
999 : [1] 0
70773: [1] 5
[1] "==================================================="
[1] "latfrac"
overall mean: [1] 4.314312
overall median: [1] 4
overall max: [1] 9
overall min: [1] 0
NA: [1] 2
990 : [1] 0
991 : [1] 0
992 : [1] 0
993 : [1] 0
994 : [1] 0
995 : [1] 5
996 : [1] 0
997 : [1] 0
998 : [1] 0
999 : [1] 0
70773: [1] 1762
[1] "==================================================="
[1] "londeg"
overall mean: [1] 129.9169
overall median: [1] 131
overall max: [1] 144
overall min: [1] 0
NA: [1] 35
990 : [1] 0
991 : [1] 0
992 : [1] 0
993 : [1] 0
994 : [1] 0
995 : [1] 0
996 : [1] 0
997 : [1] 0
998 : [1] 0
999 : [1] 0
70773: [1] 0
[1] "==================================================="
[1] "lonmin"
overall mean: [1] 32.9357
overall median: [1] 37
overall max: [1] 60
overall min: [1] 0
NA: [1] 75
990 : [1] 0
991 : [1] 0
992 : [1] 0
993 : [1] 0
994 : [1] 0
995 : [1] 0
996 : [1] 0
997 : [1] 0
998 : [1] 0
999 : [1] 0
70773: [1] 1
[1] "==================================================="
[1] "lonsec"
overall mean: [1] 30.19328
overall median: [1] 32
overall max: [1] 60
overall min: [1] 0
NA: [1] 670
990 : [1] 0
991 : [1] 0
992 : [1] 0
993 : [1] 0
994 : [1] 0
995 : [1] 20
996 : [1] 0
997 : [1] 0
998 : [1] 0
999 : [1] 0
70773: [1] 49
[1] "==================================================="
[1] "lonfrac"
overall mean: [1] 4.283448
overall median: [1] 4
overall max: [1] 9
overall min: [1] 0
NA: [1] 0
990 : [1] 0
991 : [1] 0
992 : [1] 0
993 : [1] 0
994 : [1] 0
995 : [1] 45
996 : [1] 0
997 : [1] 0
998 : [1] 0
999 : [1] 0
70773: [1] 1722
[1] "==================================================="
[1] "interviewday"
overall mean: [1] 16.12678
overall median: [1] 16
overall max: [1] 31
overall min: [1] 1
NA: [1] 0
990 : [1] 0
991 : [1] 0
992 : [1] 0
993 : [1] 0
994 : [1] 0
995 : [1] 136
996 : [1] 0
997 : [1] 0
998 : [1] 0
999 : [1] 0
70773: [1] 3
[1] "==================================================="
[1] "interviewmonth"
overall mean: [1] 8.454173
overall median: [1] 10
overall max: [1] 12
overall min: [1] 1
NA: [1] 0
990 : [1] 0
991 : [1] 0
992 : [1] 0
993 : [1] 0
994 : [1] 0
995 : [1] 136
996 : [1] 0
997 : [1] 0
998 : [1] 0
999 : [1] 0
70773: [1] 1
[1] "==================================================="
[1] "interviewyear"
overall mean: [1] 2015.039
overall median: [1] 2015
overall max: [1] 2019
overall min: [1] 2010
NA: [1] 0
990 : [1] 0
991 : [1] 0
992 : [1] 0
993 : [1] 0
994 : [1] 0
995 : [1] 0
996 : [1] 0
997 : [1] 0
998 : [1] 0
999 : [1] 0
70773: [1] 0
[1] "==================================================="
[1] "householdsize"
overall mean: [1] NaN
overall median: [1] NA
overall max: [1] -Inf
overall min: [1] Inf
NA: [1] 13808
990 : [1] 0
991 : [1] 0
992 : [1] 0
993 : [1] 0
994 : [1] 0
995 : [1] 0
996 : [1] 0
997 : [1] 0
998 : [1] 0
999 : [1] 0
70773: [1] 0
[1] "==================================================="
[1] "yearsresident"
overall mean: [1] 32.1578
overall median: [1] 32
overall max: [1] 100
overall min: [1] 0
NA: [1] 0
990 : [1] 0
991 : [1] 0
992 : [1] 0
993 : [1] 0
994 : [1] 0
995 : [1] 12
996 : [1] 0
997 : [1] 68
998 : [1] 7
999 : [1] 1
70773: [1] 0
[1] "==================================================="
[1] "timemarket"
overall mean: [1] 2.084199
overall median: [1] 1
overall max: [1] 83
overall min: [1] 0
NA: [1] 0
990 : [1] 0
991 : [1] 0
992 : [1] 0
993 : [1] 819
994 : [1] 0
995 : [1] 15
996 : [1] 1
997 : [1] 27
998 : [1] 36
999 : [1] 1
70773: [1] 0
[1] "==================================================="
[1] "timesecondarymarket"
overall mean: [1] 0.4390909
overall median: [1] 0.33
overall max: [1] 1.33
overall min: [1] 0.02
NA: [1] 2327
990 : [1] 0
991 : [1] 0
992 : [1] 0
993 : [1] 11110
994 : [1] 0
995 : [1] 0
996 : [1] 0
997 : [1] 0
998 : [1] 316
999 : [1] 0
70773: [1] 0
[1] "==================================================="
[1] "lessproductivedaysfishing"
overall mean: [1] 21.36418
overall median: [1] 5
overall max: [1] 360
overall min: [1] 0
NA: [1] 0
990 : [1] 0
991 : [1] 0
992 : [1] 0
993 : [1] 819
994 : [1] 4847
995 : [1] 24
996 : [1] 2
997 : [1] 26
998 : [1] 1191
999 : [1] 4
70773: [1] 0
[1] "==================================================="
[1] "poorcatch"
overall mean: [1] 67.98435
overall median: [1] 7
overall max: [1] 140208
overall min: [1] 0
NA: [1] 0
990 : [1] 0
991 : [1] 0
992 : [1] 0
993 : [1] 819
994 : [1] 4944
995 : [1] 144
996 : [1] 1
997 : [1] 25
998 : [1] 3781
999 : [1] 4
70773: [1] 0
[1] "==================================================="
[1] "poorfishincomel"
overall mean: [1] 207831.2
overall median: [1] 22500
overall max: [1] 2.5e+07
overall min: [1] 0
NA: [1] 1
990 : [1] 0
991 : [1] 0
992 : [1] 0
993 : [1] 820
994 : [1] 4924
995 : [1] 162
996 : [1] 1
997 : [1] 31
998 : [1] 3625
999 : [1] 5
70773: [1] 0
[1] "==================================================="
[1] "moreproductivedaysfishing"
overall mean: [1] 80.55059
overall median: [1] 57
overall max: [1] 365
overall min: [1] 0
NA: [1] 0
990 : [1] 0
991 : [1] 0
992 : [1] 0
993 : [1] 819
994 : [1] 4771
995 : [1] 31
996 : [1] 1
997 : [1] 29
998 : [1] 394
999 : [1] 4
70773: [1] 0
[1] "==================================================="
[1] "goodcatch"
overall mean: [1] 96.04006
overall median: [1] 12
overall max: [1] 112875
overall min: [1] 0
NA: [1] 0
990 : [1] 0
991 : [1] 0
992 : [1] 0
993 : [1] 819
994 : [1] 4792
995 : [1] 65
996 : [1] 1
997 : [1] 27
998 : [1] 1409
999 : [1] 5
70773: [1] 0
[1] "==================================================="
[1] "goodfishincomel"
overall mean: [1] 557194.1
overall median: [1] 80000
overall max: [1] 2.85e+08
overall min: [1] 0
NA: [1] 0
990 : [1] 0
991 : [1] 0
992 : [1] 0
993 : [1] 819
994 : [1] 4795
995 : [1] 104
996 : [1] 1
997 : [1] 27
998 : [1] 1607
999 : [1] 4
70773: [1] 0
[1] "==================================================="
[1] "assetcar"
overall mean: [1] 0.009754587
overall median: [1] 0
overall max: [1] 4
overall min: [1] 0
NA: [1] 0
990 : [1] 0
991 : [1] 0
992 : [1] 0
993 : [1] 819
994 : [1] 0
995 : [1] 5
996 : [1] 0
997 : [1] 0
998 : [1] 66
999 : [1] 1
70773: [1] 0
[1] "==================================================="
[1] "assettruck"
overall mean: [1] 0.0034854
overall median: [1] 0
overall max: [1] 3
overall min: [1] 0
NA: [1] 0
990 : [1] 0
991 : [1] 0
992 : [1] 0
993 : [1] 819
994 : [1] 0
995 : [1] 9
996 : [1] 0
997 : [1] 0
998 : [1] 68
999 : [1] 1
70773: [1] 0
[1] "==================================================="
[1] "assetcartruck"
overall mean: [1] 0.01284404
overall median: [1] 0
overall max: [1] 6
overall min: [1] 0
NA: [1] 0
990 : [1] 0
991 : [1] 0
992 : [1] 0
993 : [1] 652
994 : [1] 0
995 : [1] 5
996 : [1] 0
997 : [1] 0
998 : [1] 69
999 : [1] 2
70773: [1] 0
[1] "==================================================="
[1] "assetbicycle"
overall mean: [1] 0.09822339
overall median: [1] 0
overall max: [1] 6
overall min: [1] 0
NA: [1] 0
990 : [1] 0
991 : [1] 0
992 : [1] 0
993 : [1] 0
994 : [1] 0
995 : [1] 10
996 : [1] 0
997 : [1] 0
998 : [1] 62
999 : [1] 2
70773: [1] 0
[1] "==================================================="
[1] "assetmotorcycle"
overall mean: [1] 0.2134284
overall median: [1] 0
overall max: [1] 10
overall min: [1] 0
NA: [1] 0
990 : [1] 0
991 : [1] 0
992 : [1] 0
993 : [1] 0
994 : [1] 0
995 : [1] 8
996 : [1] 0
997 : [1] 0
998 : [1] 51
999 : [1] 2
70773: [1] 0
[1] "==================================================="
[1] "assetboatnomotor"
overall mean: [1] 0.5494945
overall median: [1] 0
overall max: [1] 7
overall min: [1] 0
NA: [1] 0
990 : [1] 0
991 : [1] 0
992 : [1] 0
993 : [1] 0
994 : [1] 0
995 : [1] 6
996 : [1] 0
997 : [1] 0
998 : [1] 51
999 : [1] 2
70773: [1] 0
[1] "==================================================="
[1] "assetboatoutboard"
overall mean: [1] 0.3854614
overall median: [1] 0
overall max: [1] 10
overall min: [1] 0
NA: [1] 0
990 : [1] 0
991 : [1] 0
992 : [1] 0
993 : [1] 0
994 : [1] 0
995 : [1] 12
996 : [1] 0
997 : [1] 0
998 : [1] 65
999 : [1] 2
70773: [1] 0
[1] "==================================================="
[1] "assetboatinboard"
overall mean: [1] 0.07074166
overall median: [1] 0
overall max: [1] 3
overall min: [1] 0
NA: [1] 0
990 : [1] 0
991 : [1] 0
992 : [1] 0
993 : [1] 0
994 : [1] 0
995 : [1] 12
996 : [1] 0
997 : [1] 0
998 : [1] 68
999 : [1] 2
70773: [1] 0
[1] "==================================================="
[1] "assetlandlinephone"
overall mean: [1] 1.417609
overall median: [1] 1
overall max: [1] 18
overall min: [1] 0
NA: [1] 0
990 : [1] 0
991 : [1] 0
992 : [1] 0
993 : [1] 819
994 : [1] 0
995 : [1] 8
996 : [1] 0
997 : [1] 0
998 : [1] 65
999 : [1] 2
70773: [1] 0
[1] "==================================================="
[1] "assetcellphone"
overall mean: [1] 0.1751408
overall median: [1] 0
overall max: [1] 10
overall min: [1] 0
NA: [1] 0
990 : [1] 0
991 : [1] 0
992 : [1] 0
993 : [1] 819
994 : [1] 0
995 : [1] 13
996 : [1] 0
997 : [1] 0
998 : [1] 14
999 : [1] 1
70773: [1] 0
[1] "==================================================="
[1] "assetphonecombined"
overall mean: [1] 1.501675
overall median: [1] 1
overall max: [1] 18
overall min: [1] 0
NA: [1] 0
990 : [1] 0
991 : [1] 0
992 : [1] 0
993 : [1] 652
994 : [1] 0
995 : [1] 5
996 : [1] 0
997 : [1] 0
998 : [1] 15
999 : [1] 2
70773: [1] 0
[1] "==================================================="
[1] "assettv"
overall mean: [1] 0.6120829
overall median: [1] 1
overall max: [1] 4
overall min: [1] 0
NA: [1] 0
990 : [1] 0
991 : [1] 0
992 : [1] 0
993 : [1] 0
994 : [1] 0
995 : [1] 794
996 : [1] 0
997 : [1] 0
998 : [1] 35
999 : [1] 2
70773: [1] 0
[1] "==================================================="
[1] "assetradio"
overall mean: [1] 0.1478901
overall median: [1] 0
overall max: [1] 6
overall min: [1] 0
NA: [1] 0
990 : [1] 0
991 : [1] 0
992 : [1] 0
993 : [1] 819
994 : [1] 0
995 : [1] 9
996 : [1] 0
997 : [1] 0
998 : [1] 64
999 : [1] 1
70773: [1] 0
[1] "==================================================="
[1] "assetstereo"
overall mean: [1] 0.7403854
overall median: [1] 0
overall max: [1] 15
overall min: [1] 0
NA: [1] 0
990 : [1] 0
991 : [1] 0
992 : [1] 0
993 : [1] 819
994 : [1] 0
995 : [1] 6
996 : [1] 0
997 : [1] 0
998 : [1] 59
999 : [1] 1
70773: [1] 0
[1] "==================================================="
[1] "assetcd"
overall mean: [1] 0.3236614
overall median: [1] 0
overall max: [1] 10
overall min: [1] 0
NA: [1] 0
990 : [1] 0
991 : [1] 0
992 : [1] 0
993 : [1] 819
994 : [1] 0
995 : [1] 6
996 : [1] 0
997 : [1] 0
998 : [1] 58
999 : [1] 1
70773: [1] 0
[1] "==================================================="
[1] "assetdvd"
overall mean: [1] 0.2219471
overall median: [1] 0
overall max: [1] 11
overall min: [1] 0
NA: [1] 0
990 : [1] 0
991 : [1] 0
992 : [1] 0
993 : [1] 819
994 : [1] 0
995 : [1] 11
996 : [1] 0
997 : [1] 0
998 : [1] 55
999 : [1] 1
70773: [1] 0
[1] "==================================================="
[1] "assetentertain"
overall mean: [1] 1.461257
overall median: [1] 1
overall max: [1] 16
overall min: [1] 0
NA: [1] 0
990 : [1] 0
991 : [1] 0
992 : [1] 0
993 : [1] 652
994 : [1] 0
995 : [1] 6
996 : [1] 0
997 : [1] 0
998 : [1] 49
999 : [1] 2
70773: [1] 0
[1] "==================================================="
[1] "assetsatellite"
overall mean: [1] 0.3519837
overall median: [1] 0
overall max: [1] 4
overall min: [1] 0
NA: [1] 0
990 : [1] 0
991 : [1] 0
992 : [1] 0
993 : [1] 0
994 : [1] 0
995 : [1] 8
996 : [1] 0
997 : [1] 0
998 : [1] 36
999 : [1] 2
70773: [1] 0
[1] "==================================================="
[1] "assetgenerator"
overall mean: [1] 0.2785381
overall median: [1] 0
overall max: [1] 15
overall min: [1] 0
NA: [1] 0
990 : [1] 0
991 : [1] 0
992 : [1] 0
993 : [1] 0
994 : [1] 0
995 : [1] 9
996 : [1] 0
997 : [1] 0
998 : [1] 61
999 : [1] 2
70773: [1] 0
[1] "==================================================="
[1] "numbermarinegroup"
overall mean: [1] NaN
overall median: [1] NA
overall max: [1] -Inf
overall min: [1] Inf
NA: [1] 2698
990 : [1] 0
991 : [1] 0
992 : [1] 0
993 : [1] 703
994 : [1] 9300
995 : [1] 1107
996 : [1] 0
997 : [1] 0
998 : [1] 0
999 : [1] 0
70773: [1] 0
[1] "==================================================="
[1] "numberothergroup"
overall mean: [1] NaN
overall median: [1] NA
overall max: [1] -Inf
overall min: [1] Inf
NA: [1] 2698
990 : [1] 0
991 : [1] 0
992 : [1] 0
993 : [1] 703
994 : [1] 4791
995 : [1] 5616
996 : [1] 0
997 : [1] 0
998 : [1] 0
999 : [1] 0
70773: [1] 0
[1] "==================================================="
[1] "numlocalthreat"
overall mean: [1] 1.721581
overall median: [1] 2
overall max: [1] 32
overall min: [1] 0
NA: [1] 0
990 : [1] 0
991 : [1] 0
992 : [1] 0
993 : [1] 0
994 : [1] 89
995 : [1] 6
996 : [1] 0
997 : [1] 199
998 : [1] 507
999 : [1] 5
70773: [1] 0
[1] "==================================================="
[1] "numglobalthreat"
overall mean: [1] 1.217654
overall median: [1] 1
overall max: [1] 13
overall min: [1] 0
NA: [1] 0
990 : [1] 0
991 : [1] 0
992 : [1] 0
993 : [1] 0
994 : [1] 181
995 : [1] 6
996 : [1] 0
997 : [1] 452
998 : [1] 736
999 : [1] 5
70773: [1] 0
[1] "==================================================="
[1] "numlocalaction"
overall mean: [1] 1.111419
overall median: [1] 1
overall max: [1] 9
overall min: [1] 0
NA: [1] 0
990 : [1] 0
991 : [1] 0
992 : [1] 0
993 : [1] 0
994 : [1] 106
995 : [1] 230
996 : [1] 0
997 : [1] 252
998 : [1] 568
999 : [1] 6
70773: [1] 0
[1] "==================================================="
[1] "numglobalaction"
overall mean: [1] 0.7511997
overall median: [1] 1
overall max: [1] 14
overall min: [1] 0
NA: [1] 2
990 : [1] 0
991 : [1] 0
992 : [1] 0
993 : [1] 0
994 : [1] 187
995 : [1] 15
996 : [1] 0
997 : [1] 516
998 : [1] 787
999 : [1] 6
70773: [1] 0
[1] "==================================================="
[1] "R:/ind-soc-impacts/MPASocial/MPAMystery-master/1_Data_wrangling/1_Social/4_Data_cleaning"

995 : [1] 1
996 : [1] 1
997 : [1] 1
998 : [1] 1
999 : [1] 1
70773 : [1] 0
[1] "==================================================="
[1] "household"
NA: [1] 0
990 : [1] 6
991 : [1] 5
992 : [1] 7
993 : [1] 8
994 : [1] 4
995 : [1] 6
996 : [1] 8
997 : [1] 5
998 : [1] 6
999 : [1] 6
70773 : [1] 0
[1] "==================================================="
[1] "new_household"
NA: [1] 59
990 : [1] 0
991 : [1] 0
992 : [1] 0
993 : [1] 0
994 : [1] 0
995 : [1] 0
996 : [1] 0
997 : [1] 0
998 : [1] 0
999 : [1] 0
70773 : [1] 0
[1] "==================================================="
[1] "new_dempographicid"
NA: [1] 0
990 : [1] 0
991 : [1] 0
992 : [1] 0
993 : [1] 0
994 : [1] 0
995 : [1] 0
996 : [1] 0
997 : [1] 0
998 : [1] 0
999 : [1] 0
70773 : [1] 0
[1] "==================================================="
[1] "demographiccode"
NA: [1] 2
990 : [1] 0
991 : [1] 0
992 : [1] 0
993 : [1] 0
994 : [1] 0
995 : [1] 0
996 : [1] 0
997 : [1] 0
998 : [1] 5
999 : [1] 1
70773 : [1] 0
[1] "==================================================="
[1] "individualname"
NA: [1] 0
990 : [1] 0
991 : [1] 0
992 : [1] 0
993 : [1] 0
994 : [1] 3
995 : [1] 5
996 : [1] 1
997 : [1] 0
998 : [1] 2
999 : [1] 0
70773 : [1] 0
[1] "==================================================="
[1] "individualeducation"
NA: [1] 19
990 : [1] 0
991 : [1] 0
992 : [1] 0
993 : [1] 0
994 : [1] 8
995 : [1] 32
996 : [1] 4
997 : [1] 165
998 : [1] 12157
999 : [1] 7
70773 : [1] 0
[1] "==================================================="
[1] "householdhead"
NA: [1] 4766
990 : [1] 0
991 : [1] 0
992 : [1] 0
993 : [1] 0
994 : [1] 0
995 : [1] 0
996 : [1] 0
997 : [1] 0
998 : [1] 0
999 : [1] 0
70773 : [1] 0
[1] "==================================================="
[1] "individualunwell"
NA: [1] 31
990 : [1] 0
991 : [1] 0
992 : [1] 0
993 : [1] 0
994 : [1] 0
995 : [1] 119
996 : [1] 1
997 : [1] 14
998 : [1] 453
999 : [1] 6
70773 : [1] 11
[1] "==================================================="
[1] "relationhhh"
NA: [1] 8
990 : [1] 0
991 : [1] 0
992 : [1] 0
993 : [1] 0
994 : [1] 0
995 : [1] 9
996 : [1] 58
997 : [1] 47
998 : [1] 0
999 : [1] 1
70773 : [1] 0
[1] "==================================================="
[1] "individualgender"
NA: [1] 29
990 : [1] 0
991 : [1] 0
992 : [1] 0
993 : [1] 0
994 : [1] 21
995 : [1] 13
996 : [1] 0
997 : [1] 0
998 : [1] 4
999 : [1] 0
70773 : [1] 0
[1] "==================================================="
[1] "individualedlevel"
NA: [1] 68446
990 : [1] 0
991 : [1] 0
992 : [1] 0
993 : [1] 0
994 : [1] 0
995 : [1] 0
996 : [1] 49
997 : [1] 37
998 : [1] 1302
999 : [1] 0
70773 : [1] 0
[1] "==================================================="
[1] "individualenrolled"
NA: [1] 16
990 : [1] 0
991 : [1] 0
992 : [1] 0
993 : [1] 0
994 : [1] 4
995 : [1] 30
996 : [1] 3
997 : [1] 48
998 : [1] 9267
999 : [1] 2
70773 : [1] 10
[1] "==================================================="
[1] "householdhead"
NA: [1] 4766
990 : [1] 0
991 : [1] 0
992 : [1] 0
993 : [1] 0
994 : [1] 0
995 : [1] 0
996 : [1] 0
997 : [1] 0
998 : [1] 0
999 : [1] 0
70773 : [1] 0
[1] "==================================================="
[1] "new_householdhead"
NA: [1] 8
990 : [1] 0
991 : [1] 0
992 : [1] 0
993 : [1] 0
994 : [1] 0
995 : [1] 0
996 : [1] 0
997 : [1] 0
998 : [1] 0
999 : [1] 0
70773 : [1] 0
[1] "==================================================="
[1] "individualunwell"
NA: [1] 31
990 : [1] 0
991 : [1] 0
992 : [1] 0
993 : [1] 0
994 : [1] 0
995 : [1] 119
996 : [1] 1
997 : [1] 14
998 : [1] 453
999 : [1] 6
70773 : [1] 11
[1] "==================================================="
[1] "individualage"
overall mean: [1] 24.14743
overall median: [1] 20
overall max: [1] 110
overall min: [1] 0
NA: [1] 27
990 : [1] 0
991 : [1] 0
992 : [1] 0
993 : [1] 0
994 : [1] 4
995 : [1] 31
996 : [1] 6
997 : [1] 808
998 : [1] 78
999 : [1] 0
70773: [1] 0
[1] "==================================================="
[1] "individualdaysunwell"
overall mean: [1] 7.123033
overall median: [1] 3
overall max: [1] 30
overall min: [1] 0
NA: [1] 145
990 : [1] 0
991 : [1] 0
992 : [1] 0
993 : [1] 0
994 : [1] 19
995 : [1] 136
996 : [1] 10
997 : [1] 12
998 : [1] 66855
999 : [1] 4
70773: [1] 6
[1] "==================================================="
[1] "individuallostdays"
overall mean: [1] 3.432731
overall median: [1] 0
overall max: [1] 30
overall min: [1] 0
NA: [1] 167
990 : [1] 0
991 : [1] 0
992 : [1] 0
993 : [1] 0
994 : [1] 19
995 : [1] 137
996 : [1] 9
997 : [1] 20
998 : [1] 67277
999 : [1] 7
70773: [1] 35
[1] "==================================================="
[1] "morganizationid"
NA: [1] 0
990 : [1] 1
991 : [1] 1
992 : [1] 1
993 : [1] 1
994 : [1] 1
995 : [1] 1
996 : [1] 1
997 : [1] 1
998 : [1] 1
999 : [1] 1
70773 : [1] 0
[1] "==================================================="
[1] "household"
NA: [1] 0
990 : [1] 0
991 : [1] 1
992 : [1] 0
993 : [1] 0
994 : [1] 0
995 : [1] 0
996 : [1] 0
997 : [1] 1
998 : [1] 0
999 : [1] 0
70773 : [1] 0
[1] "==================================================="
[1] "new_household"
NA: [1] 13
990 : [1] 0
991 : [1] 0
992 : [1] 0
993 : [1] 0
994 : [1] 0
995 : [1] 0
996 : [1] 0
997 : [1] 0
998 : [1] 0
999 : [1] 0
70773 : [1] 0
[1] "==================================================="
[1] "entryhouseholdid"
NA: [1] 2329
990 : [1] 0
991 : [1] 0
992 : [1] 0
993 : [1] 0
994 : [1] 0
995 : [1] 0
996 : [1] 0
997 : [1] 0
998 : [1] 0
999 : [1] 0
70773 : [1] 0
[1] "==================================================="
[1] "name"
NA: [1] 0
990 : [1] 0
991 : [1] 0
992 : [1] 0
993 : [1] 0
994 : [1] 6289
995 : [1] 20
996 : [1] 0
997 : [1] 23
998 : [1] 12
999 : [1] 3
70773 : [1] 0
[1] "==================================================="
[1] "position"
NA: [1] 5293
990 : [1] 0
991 : [1] 0
992 : [1] 0
993 : [1] 0
994 : [1] 1029
995 : [1] 2
996 : [1] 14
997 : [1] 4
998 : [1] 8
999 : [1] 0
70773 : [1] 0
[1] "==================================================="
[1] "meeting"
NA: [1] 5371
990 : [1] 0
991 : [1] 0
992 : [1] 0
993 : [1] 0
994 : [1] 943
995 : [1] 1
996 : [1] 0
997 : [1] 5
998 : [1] 20
999 : [1] 0
70773 : [1] 0
[1] "==================================================="
[1] "days"
overall mean: [1] 10.36973
overall median: [1] 2
overall max: [1] 365
overall min: [1] 0
NA: [1] 5373
990 : [1] 0
991 : [1] 0
992 : [1] 0
993 : [1] 0
994 : [1] 954
995 : [1] 12
996 : [1] 0
997 : [1] 16
998 : [1] 173
999 : [1] 0
70773: [1] 0
[1] "==================================================="
[1] "contribution"
overall mean: [1] 339207.4
overall median: [1] 0
overall max: [1] 2.4e+08
overall min: [1] 0
NA: [1] 5518
990 : [1] 0
991 : [1] 0
992 : [1] 0
993 : [1] 0
994 : [1] 830
995 : [1] 17
996 : [1] 0
997 : [1] 17
998 : [1] 287
999 : [1] 1
70773: [1] 0
[1] "==================================================="
[1] "nmorganizationid"
NA: [1] 0
990 : [1] 1
991 : [1] 1
992 : [1] 1
993 : [1] 1
994 : [1] 1
995 : [1] 1
996 : [1] 1
997 : [1] 1
998 : [1] 1
999 : [1] 1
70773 : [1] 0
[1] "==================================================="
[1] "household"
NA: [1] 0
990 : [1] 1
991 : [1] 1
992 : [1] 1
993 : [1] 1
994 : [1] 1
995 : [1] 1
996 : [1] 0
997 : [1] 1
998 : [1] 1
999 : [1] 0
70773 : [1] 0
[1] "==================================================="
[1] "new_household"
NA: [1] 12
990 : [1] 0
991 : [1] 0
992 : [1] 0
993 : [1] 0
994 : [1] 0
995 : [1] 0
996 : [1] 0
997 : [1] 0
998 : [1] 0
999 : [1] 0
70773 : [1] 0
[1] "==================================================="
[1] "entryhouseholdid"
NA: [1] 2662
990 : [1] 0
991 : [1] 0
992 : [1] 0
993 : [1] 0
994 : [1] 0
995 : [1] 0
996 : [1] 0
997 : [1] 0
998 : [1] 0
999 : [1] 0
70773 : [1] 0
[1] "==================================================="
[1] "name"
NA: [1] 0
990 : [1] 0
991 : [1] 0
992 : [1] 0
993 : [1] 0
994 : [1] 1702
995 : [1] 182
996 : [1] 0
997 : [1] 16
998 : [1] 10
999 : [1] 1
70773 : [1] 0
[1] "==================================================="
[1] "position"
NA: [1] 1416
990 : [1] 0
991 : [1] 0
992 : [1] 0
993 : [1] 0
994 : [1] 346
995 : [1] 5
996 : [1] 20
997 : [1] 2
998 : [1] 106
999 : [1] 0
70773 : [1] 0
[1] "==================================================="
[1] "meeting"
NA: [1] 1660
990 : [1] 0
991 : [1] 0
992 : [1] 0
993 : [1] 0
994 : [1] 0
995 : [1] 18
996 : [1] 0
997 : [1] 4
998 : [1] 99
999 : [1] 0
70773 : [1] 0
[1] "==================================================="
[1] "days"
overall mean: [1] 7.299265
overall median: [1] 3
overall max: [1] 365
overall min: [1] 0
NA: [1] 1589
990 : [1] 0
991 : [1] 0
992 : [1] 0
993 : [1] 0
994 : [1] 216
995 : [1] 29
996 : [1] 0
997 : [1] 25
998 : [1] 421
999 : [1] 6
70773: [1] 4
[1] "==================================================="
[1] "contribution"
overall mean: [1] 198330.4
overall median: [1] 3000
overall max: [1] 9e+07
overall min: [1] 0
NA: [1] 1626
990 : [1] 0
991 : [1] 0
992 : [1] 0
993 : [1] 0
994 : [1] 208
995 : [1] 27
996 : [1] 0
997 : [1] 28
998 : [1] 702
999 : [1] 3
70773: [1] 0
[1] "==================================================="
